    1       1.000      1.200
    2       1.000      1.342
    3       1.000      1.170
    4       1.000      1.245
    5       1.000      1.181
    6       1.000      1.225
    7       1.000      1.186
    8       1.000      1.217
    9       1.000      1.189
   10       1.000      1.213
   11       1.000      1.191
   12       1.000      1.210
   13       1.000      1.193
   14       1.000      1.208
   15       1.000      1.194
   16       1.000      1.207
   17       1.000      1.195
   18       1.000      1.206
   19       1.000      1.195
   20       1.000      1.205
   21       1.000      1.196
   22       1.000      1.205
   23       1.000      1.196
   24       1.000      1.204
   25       1.000      1.196
   26       1.000      1.204
   27       1.000      1.197
   28       1.000      1.204
   29       1.000      1.197
   30       1.000      1.203
   31       1.000      1.197
   32       1.000      1.203
   33       1.000      1.197
   34       1.000      1.203
   35       1.000      1.198
   36       1.000      1.203
   37       1.000      1.198
   38       1.000      1.202
   39       1.000      1.198
   40       1.000      1.202
